4
4 8 15 16 23 42
8 6 7 5 30 9
1 2 3 4 55 6
2 10 18 36 54 86
2
1 2 3 4 5 6
60 50 40 30 20 10
3
1 2 3 4 5 6
1 2 3 4 5 6
1 4 2 6 5 3
30
7564 7565 7567 7563 7568 7566
7567 7564 7568 7563 7565 7566
7564 7568 7567 7566 7563 7565
7568 7564 7563 7567 7565 7566
7565 7566 7568 7563 7564 7567
7564 7563 7566 7568 7567 7565
7568 7565 7567 7566 7563 7564
7567 7564 7568 7566 7563 7565
7564 7568 7567 7565 7566 7563
7564 7568 7566 7565 7567 7563
7563 7564 7565 7567 7566 7568
7566 7568 7567 7565 7563 7564
7566 7565 7563 7564 7567 7568
7568 7567 7564 7566 7565 7563
7568 7564 7567 7566 7563 7565
7568 7565 7566 7567 7563 7564
7563 7568 7566 7567 7565 7564
7566 7563 7567 7564 7568 7565
7565 7567 7564 7566 7568 7563
7563 7566 7567 7568 7564 7565
7563 7567 7566 7564 7568 7565
7563 7564 7565 7568 7566 7567
7563 7566 7568 7564 7565 7567
7566 7568 7565 7567 7563 7564
7566 7565 7568 7567 7564 7563
7565 7566 7568 7564 7563 7567
7563 7565 7564 7567 7566 7568
7563 7567 7564 7568 7566 7565
7564 7565 7568 7563 7567 7566
7564 7568 7565 7567 7566 7563
30
9484 9487 9488 9482 9485 9486
9489 9494 9496 9491 9495 9493
9497 9499 9495 9494 9498 9496
9483 9486 9482 9480 9479 9484
9498 9493 9496 9495 9500 9492
9494 9491 9493 9496 9497 9495
9496 9495 9499 9503 9500 9497
9496 9497 9494 9495 9498 9500
9491 9493 9486 9488 9494 9489
9493 9499 9501 9498 9500 9494
9485 9482 9490 9487 9489 9483
9487 9494 9490 9488 9492 9491
9483 9482 9484 9481 9477 9479
9480 9478 9477 9481 9476 9482
9471 9474 9472 9473 9468 9467
9469 9473 9468 9470 9475 9476
9486 9489 9487 9485 9488 9484
9491 9485 9487 9493 9486 9492
9490 9487 9491 9485 9489 9483
9480 9476 9477 9483 9481 9482
9498 9502 9503 9499 9496 9501
9486 9487 9483 9480 9485 9484
9472 9478 9473 9471 9474 9476
9488 9490 9495 9491 9494 9493
9474 9477 9475 9479 9472 9476
9477 9470 9476 9471 9474 9473
9483 9482 9479 9481 9478 9480
9485 9478 9480 9481 9483 9479
9477 9471 9470 9473 9474 9478
9476 9475 9479 9478 9474 9480
10
9553 9554 9548 9551 9558 9557
9557 9554 9552 9556 9549 9548
9554 9557 9550 9555 9556 9549
9550 9554 9557 9556 9555 9553
9549 9557 9553 9551 9556 9552
9555 9551 9556 9557 9553 9552
9552 9548 9555 9554 9553 9551
9550 9555 9549 9556 9557 9552
9554 9556 9552 9551 9557 9548
9549 9557 9548 9558 9553 9552
30
3349 3353 3352 3351 3348 3350
3353 3347 3354 3348 3350 3352
3349 3347 3355 3348 3352 3354
3355 3349 3354 3347 3352 3351
3353 3347 3355 3352 3350 3349
3352 3349 3347 3355 3348 3353
3347 3349 3352 3355 3353 3348
3347 3349 3352 3350 3351 3353
3352 3347 3355 3349 3350 3348
3351 3349 3352 3353 3350 3348
3351 3353 3355 3348 3354 3349
3354 3348 3351 3350 3352 3353
3354 3347 3349 3348 3352 3353
3355 3347 3353 3349 3354 3352
